-1516619450482223111620643093939745681369677574069134983,451410190132787605350482713779616142950038012449
71555269810900201928796566,-90878387620342062963704243572868300682948294917157593679738099446
-171781353435414268844575213,15979695488867968209
451052661364791235832044756633232011177531620391719898363596630765927,-136416048053002200505231625728806956138045946694875
151334797302621628808726276958521002191577926255734857212156127673403237851735,102375372492249730593366981141940092234743832
-4442919483469294270336425983734314106404886164424686549,508700308671182987538386015629318378259522350311576316
453936,-48221880962895996310587506478343921553074862778262996473756944902611
174927353612225,88220428198514862246577940
1176040413342403231689760101238261882022195490430205049005793201023616014573963797027281,-4400114921574217596417073510827380
-290099594692835388139252553492864197,867380112104302051139835526051343649932622625953058760060333
-13866068859276872577241567163173159080165108293794439424692392239458049194,-74470082203798188578405228421
19409037414773056121846444227338139466660984082528000456646806,-36249137309282750519955985337162767548413820247910310544388879889321936275
11487974312713818618901203434171090448522816002776688991,-377863507788695176914991286389132027438090442671928924560954397534088223544517720812
91060806100757606667198668542255068,-543551374322057936962489711671388148674195
20459473829014253404,193749375048746437106744647768664978835736685921089739154209546757866321496113379202
-6844012701040863500829912038999144,-2099889595980529841648959299919553445380150
-742984302,-73299581775046147067069646646253726665653091
-2284500696394399688308488373,-825865205924193588773102912456244952265344852296646492458530225076761850964
23894311228171662540537462595368388687171395563267686025100015154512289331170599716,522082758209885700076750403947539267856099584392236671584050400958825
121338830,3
133091112886945361782098460136113014685280604114927246923080,71
-41987452422716444225173557036186014660817,229955118874023517593661503543903
256659624810917459,-3182491436105898875526238761403990042593317208253968632300611434
-195199412263608430758548529931832137300374064059014361292748086578763,-447498169832639734844485932487968078954603698
6286790340534458838222620678,-76966094526465773851249128636355359469218
-378307955115135323286495397315449934896032048228596485,-25856276516637681231037859018813996142584293471713948560696
-2906639231249630719134761219954157994283179106937225981401,59574603711093344037794809978659093048669
1650590505924061489892302665386262395,-611460007359245788593478892470323278941544336447684588
9569902437249930529422793241697180,-11698567974327147285
11542068973531651334505238261822335653050572094308281720418806843,120958898612468173934043790852809817633
799886957252057626,-69534938564048
-64094642167856860375322707849868011295694285062131383708209259530876,7753300288055065958890206660134192470746497607
-2049071678144283874256792121923578354503621674992,-35302686221488406663
1306883537,261552253335666576503921212596187449495306607357707426686323666021854893
92967779950843120282,101836218120783357202201112979205088839
-684435838255661830820621650246049498642861345284920,-11116368000007474070876470010612740412101601113586106585502481692404379
-727362,97724802123095605769174119159
42422483918556814946122577757198964329312484113922677071466934336731886635702656819381,186490844818312655534472053231789084005308444140602189387331543221294280535
275397984996360571811908811883133255,655009558367090531715794946501793119817869
-173684942600348459784274020902235877859970621983521426907,1256496989177509314123748465132947585459
-211858259395442185408714719444697893875802178962078471389102,4570339808178438222212704
82144704318969719311781097078670392761,13352611220765020722858621888814172284888066278206217793719204747288779099623398241345
-4256059289302376492380384049081879084240544186438448588,10681601985061288174367784499990760743489224494
4350726131519660014416163,-232
-39700658446719096199456332004327781675905313438371343395063546193285307,23566790623510699972
1447061405641045253979603247106766743,-86075900230789630680618
1487360633186179090041901821558612528409506,-1798516859259836368
-1965767648732809857821,2514530851623299608150311625442800229801930378693123671884975999008920268761583455585206
-2260385958767850123407453623619985,170210379753705257086975702539182121624705590054554847087948792938262766746083585800
-322834353786800000402800,16996944738495883091782388228141828289111949768158540489179829275515213866
-1299328848055923424153035863525,52940
609120535695135963221536612235668491518061547974731709376246327373899214338270,-15129472183859143108448359805865956617285543602
40199063393150072989615,45
-2053978545256474997,69967766507140976264
18093743154678930264371496961588342873007664557,134787817093452254608818694721139525486
-1036032627126002881,643396967847371054884550692264483933986567652068776333192241079825
2486492640088638167600845650965027,-478923058828177247825605121899
1312993439264501820772709606285093110993998769,-2423477248779190513875553702430244414371591009656903702479588044330670554475417316
-3341163715598,-3823917589712984745277939719837718399611139825767366731586311064600507318464627898506718
-406775537649459,365065504383183038160915429653540455120334949334467905669036901965007251424486
-1546521105855556454927164299167584730241178736245836210482265359992907,2077888912476817345009586978120112
214776615449015371933998249914808402376402787251233416188894113997750392723696,-1557140083262858036
73931504860536874453279859727331463541953,-7221347451550802338885852275862053589095296187983240
490425131709589328041827905518013799646392360,-1805156149685347854545697417346585
5462033593852777014664704783104849341132623162246214849420491,-449396324686190854299682382181816284400386429707996958177994710272430749530810991390842
-2434609958210337729287364347144812172386636494273141667,-67198922541121520170302212530336516435978
-152371072098958414567084435512,-60218044775
1185162157637716909021179386922550773578618300201925087739570033246688096726065100,8366370554664994776925956252196398578114431
1853240793385132732305342869298797439761957815014941,414712402588721984622792581677449630969706802678739413539943924177457972474731200715
578303459218273013538926168862,23863041986940553406753198
18905179145020866144432481811130,-72223539397088132669286591168987321051998482195921432
-484535385272298652193415832403893431483113938,-1529856404080034736784162450321607901041558902085587396747601787838112
-46193385213498718682105459339800215253564761878854648897181067511536844461774,2754799355354911731528195636583702754549101582862725526467055660157772438706591457
-108030428,5943145343960460
-715912499355341097206654176544442043043493873757532619601540932,23008087951756482407787595346471647
188567193693345656451773494213583,-58557663030996
136,160758666578243345913918539667179271797776501
123547839767977904879737936651345398195246024382916931229589746829416561385109910891,265038922890417701160259471979849746253155083609772824
-2059645339350322927679571652239473607021168427290458,-1504280535143016549
-1719675408244683849239219348119565046604554961639267590959725935719729012,-8092924107248396525424508652610327034855705954706515713259119964349884636942035092
8659497484575844432919372629039,-6716142414772562596
-138525437027096376,3
-196516477020837227231266315837479471615,-3788975918722335086925408713847092420625649702424337649500890052377886536272954947349708
2809418811039448438271554518039014,1443681025285389668448009007312668288975285975301
3955,-6976003711686255499588759102744015390849077081390217187282132480492141106285020761455792
919974,2914819525756194597590087493365569279326147550668498668246
607918781349963519315462654818218430467834,141350904289890433270902832139399857917355226329352
-113561365261332329648688962432829297846664749288091,14801392443876489
-2993316613268361850853686728885906697008,1
-12756414788321371465182444297535623,-106176262592487726779978623591
3345528322116979524954610809373060,-3080957703147247372876558784
-815632,-198195973259482570633287780423
66057295107432224258413070917767284510171878608,7188504912591
-8174120852959193497,213873423636045668345439618316289663150117493354641973909743474456075025
-1121745363851085152862730512506224515,651919483919807766363134789606918347757769
-272917328690,-33255168197629310624653629605582496553
-214826,11966877448778708101
-81498926027264674789662957969696522657591822572851372963374,-699991463346095783121505468456666951521023786636925
-509832411624530362044395264214956949558,667111158410731724918836206447194982612292960194126588251856119764380063678953783553867
-134794067181639052016048404684128353448555845982084,-967820066966
-371590474299842596,5774093681760357
-428598356039647540429555800395343348823070749460794498321176992,-8906746585902323049593208007074883600041361307281515931494598595146
193787685149617878396924900429567780247875406559040987214285946646862671534987295350,214298050647407792959880613352066116674664218677978461722118928581258477210221341859276
1327813810326160146096073932333335245508095749433527946309602,-156442386402836744025677197576854850317489104132527142492789
93454379237478999642054182597520,167178490958762557593315605004677097376791774617517677907738296828001967082697523
124531643653918478,2317225816362723157149258071272045133
51479680928987238864322509145231623380424975518440392199826509,140437637854640
-4245154153411321226483369205796023993124484053642902167974,-298934675402601135142079218143794342925201012
4383686755004501235172091283259,-3909087726134797315886561641257392440817549392069615852769414469
54782320471562048954,3432347888
21505576465804622816870278099659772372,1096559410813243333043637051384219418308028351401429428
-25562655430929284550017706174130287128475180052473600815223091601763078,-85847283794869160
1419851011343273616,98946846313999501456278957353975175944439336441500775409828025655528121793686018
-14252530855196315948473326585791054501777279992170073887748826615390752079801887755,0
-327338398145236695899970786947508890,62673685574684856458142209729012339292101642437762090377863631666
-118810461471198522274712849145222747937368580825751477223587092262948144099526764,-34250433068849789475001528467419687177383627966420558444110
2256313791992270872036873835398407959753179941894437,-85604448845820310405400316080619233504569755715417924968726
-1163507161068662553672823858623108010317,1385718063074545538466091242586219241673018919167137915526054886585392718
-1602009781290150526706002296194756671131589343009495095632393371564607363241,-1488192510763
-46368199213651664,24171689206764116985759695873
57834271,-110577005237244667486940004487
14467678811669,238909300119248858417247
89861883124907122323510070326411510070212607513363343165212,-41155396642386717883229781257
-135880632652565767890591544,-104630282859053860293
12989686720720206746365825087707814500965887427076002268678,28224934269261655489779615775849091
-156998235,44
-100627382327053502402035446779577792449590,-48284065629185083324744839445849343721520402373155
-19891052337955146304642045377086757310365163111576349108446926,-12616455062473711138307003956748201126213449271415150192482074357709760009181767591644372
9901215224214624384084947941224473004739729164112,2764701651921194572390796799390267220549107837357
-1550786356724895607367545426537594658883604380,-410232074671524081217186340385901663283225150526690186939039583030928075
169704651182014031772393097257259666492198,24311585245974308302
-5020001135593980602286244793818621538265487418788658451,10377616094750689
1165596649967461691786296189382602053562,-527880696969804
-1308300580386778726250103717905047031795454572331854335107391379228495713461030826963,1346182748711797462166995600564985879515959326280580254314030594400824959169588846468
349792580515991795300340704903638700056048310020648974645159366086279747758,-763366471843212210720029780238
-120352518093436043051398160478614619637019204019246285791579785917411124642192088718327833,61554502664946323164476468498422399775027823684471475251803548800632617351551
351294148375759747749505369892863917006749125118036141065777607706575554289426619901078910,1310464197075688872057564
2598675796995242307690780112379985960959,-17379383934837000934518313639
-97659200303794962037843532377562135502180599365606482243355489057562883490392465,2388774446282212419765712018343928363259305159242924575943061238361284859435390289050
724277611300,-10554092224017595189351962564669719023037
-297864294814404634792351960440138982797808117451179879746915130107309579156,-209675376822581259029849297
44830786074954,279263322
-90,4027821620278379350214236579237793541652126088730974811399403
5089698634732060584571824180036249844953718461611622375023720135395828378962521,-146
-156118715723019179432301055317009002518759071561592678729886208094852486626,-12920056552505301961881425516186949463829425650797795243092172646481650876905
213352084794131144787746351282622936956670161760237331294,829627351203811406885039645126038518761702957975459728826022146366535146069676254
-147575675723181350454748324610558632992,5
10890037513033416802785621977143969514257286292365506124418465369383850863,17274115023579227090724712894423232931311540923669193
11057500967577742763995291303527987477358921,117966260204723
-67557543056251994510543339503938772784082152775088937270041,-3997161628663125233
13141372554736051957447570,-3500060644160330875854511554543500369599753237162281238451741502
3265659011564564869921488680246630028867416442822205736352115442,-44859924489895
-7771348316183093861373356998994618119941,2636930340538647555129837562750123126880387558452592715242671029395571285579
19530313645436353480895308967261887220737299363396345790313717350135727594,-945857912161782439874
-42014075275288660646791914505176720342887572198328288329528855309310878842594382,81895250533527999688482659518702753964382331889787529203040176508
2517745607954959649,-6167865778212054970
1312861903060075875308557903967192908771,-150226886432881575421435482
-4605938037527639845438145331931863601759386927,1901070112076469803066013741423218704395579951042720216154574463337
-12163200,7024892096682478830441358979659196384100868
-1429432236036374492899499723291438904020055640058863840740092055,8847545629818551884513446752708545880468
-108931854537232533930259447568346461540081248652046836390907346345059263,304704015712324054456287217220427568713969535184578594573956346893851077625343
-413315729793223013364,-251150552411772807965555
-16030392504757011014325506440394523174086315,-9499214884294896824189332908
-692391596395658220871842362384839904480255889109,-2060356637350878
15632574649217913253467509130349285382611020287657813548915265426419549475647148,-154453842690811477904454724710771674
-17638774172973133156489216322626381,13631723916628792702962680471110552315305421477261508686590259829579346567940031032246383
3483681483885348458975860523510010668430331100551055834,-425688105524686729842426303434500347009238788655785064475
1390720692570,2452948664094807471259571339767675575532026453974893319434
-1688284884845011442213289700712102479469073442975876827111018,-20597335066715161966948113045902678297416276310998618154363
-55059,-13729642113193996087718115509031287214403261549872531412443264163266220549924617
994606427246026208946,92073249068
-2617017804405186735359925099283869068765002918558830923785769502713536073,527397135327102076226453363666426888488537631191
284495282553843309295,223434665276242911914026543098511527956
-100030289126332073720134895682,-9921526339919997642144628874753013097876182805791645414277132077651066177489151679139509
-19352148313614530688102,-2476407974549627238135671544472102192156
505449364452445740395976457,-57101142836311273390092770849109598927385888356568318671615024080056755058777892657
89413329597726476195175195064384681613436543409626654868,501894867254773823967187906975905840872133
-4124720002097292925845609348784457986147232746,2810458539499215958152702875798531
853284155772152585989943060216558561506277504718162480819012,21719394014834907036895633915705191276147785319
816122376591279067897503180007776696325492414022793567038284666977292708552428,-31516274830889247360030073891751151720484
25365124494241113768425807866410083155695774307555917466906391,-162895932829255685568781432838818071503307522345354322841445977454
-99301814909139222376530567788101936381382596076121166259930,38224493679899034566296988587201071556266336921537492221933744795166459393606
800398433395740899135119,-1602
11713875447342804233845765065274477664386019195854546995859101821705010442116731320342,6486433522754321481991543207937063509
-437586053230280051732791519774102382073079006620575833581,-12703042872
11834821431506534199282236953718,-5669266219837134030020082737051976614654868774543243389744874994717115656738609
19884142099775706660581809,-70411445774555993727392043511
-234689122706636789431608815198335238162885133647745491059712700343900289416677376,29182089972492781
-12108857588775961614558521013998686637409731451729012,-12002834042035
-12075908516600538557338438852915316,831202389742054410631274604257382014294855303891744273
11478702063530116911487723683589476597871474593880916061054115695939980,117809427551517342472689
-303092262703594853667406561663721178072037817686590782606807596954,21758041182781704572051887992049633485163902618005926218222408994236
71455253044819701855484805446557484607969420502,23486621611271729
604176551718466930388227,38366087459720500144773183
-1761351350774738306356256844868979612463686262804651094606397087140726434643088576875891,-15050879217456951887626384658822093245
319975165849709800804,369766578503345542266070586041006570146787962032678933999436913942222408105799
1188677038389518964647761572274602627921493053662670191650775522,-585208941199881344338439399148324254416170783940934583
93403083412645004026152743122722083763355359954065381578436919764038469,-1071743917344252074448608620927705487907603182737
-53376292,-198570428489208638937993
2006195869984030229573150901826793918501096617343463292349837090310547831256982,66747
12817648467931144732380992178604846429257327928091817105369212777,1349580676861825568529140488134464197177476014492322112877287511743360818
4823481591588558001650107389702884584049358756997386722657480746654,-140684797055
18959115615593462206966757,1945323939643273386621822737428347387122512519063336291035385554552220323867113485309047
19392776949465024958330371516992719766339916216324879303460187196985104849497465833,-3261450
-79964432942340193891391638397859270471130611605629143402,4666814112052542166783102886972680
415877656473615172126611979789656977462169578772225080865373510,4152475382522675611310248593
-412021975952666806163126960671325541706779369138605974130352949577,70566949970690129992151763956584486746
141564207726168999,-176252543127349919853869212730343587023063253510831128526701677690690819683390579442
626141589367887629594912849650389639502135792114771350922019227234904707717880487,714449447679673530565483468059357134
3930683441808412827358,1126837346297570377752332292597498649314
29500572189663953921533472147022211208377,28
234,-12372491072066280371320639791113452699955290906073536501629700583891900
-25854535063755528345016821493086145244582406077615949706127087108,-42116342248636415655128769306489778114893320784167830683404481651447298329
-2249283488389017428484938107342112704753959488962766860245445135869606150517142667999,-17293317569474940464823405035159609101180
3105106313902180985923,-5285051246272752765114451598829450146513963649263671490258741
-1466628024272448120149087413634002161409715442300789806411972330985754465,14599521953884046705854618849508
79102243461925704280487978199596398543035252335324345654913075282,-135097139801850228742108711249992220089158
-266965339746199796542663127221267555663884941113,73236905854
-931,-67021016975711158650742147
-1673215,31176062330732985638627520913
-134394794989054548091417193023520143549907698463387852046227268433307937573428620,5554472217301428666059215923
-316054617374482230678193966106342752792148320,-1311866147593655551569772810988360
-3007,323267788137910211649381490
1008,36726622707971266549
1142044191736984852455515806662816345287908,-94909251649877723931101770038245073029984092656306338603060439264110129277724291750
553229835236001857641666933470313878258,47724235140
7778388,-92032365522173541586220038578114831098090
-3554041409586886470332438368487657736202673626512263,-6882801352114358845040
-233861113540069078853288834489682181373548024,737293618554733124071917692011138573207388435762176406603201
-387140271352530257879549631557839855104617397563856883911,-59563286672670717182504155403376958257059388302704008906539030037828645771549
-1449108119293728142135644128748846281085342761627320707730211870558,1011183203384319072179498349
-61603843802310347,-28996
2254928614308285926228566451489514,8841728087
1264057816803431059795390234703584624,-18068323
15256648540826277796900125026330772619106223655286614826172161201883859052969553672,-9757623
946854,4796240312485628042169175837970138299091174484104940387887658728102513728047
883879957148400223672121176,-70134356311868034819713920320791183381892854939587931225275120155085286237328497515
-418841,-195786545268585788269958845080603365683448247155321209610374367374340982629373192640466017
-209122440826580083207759004530305244210459826367188161172,-420
18710462359140570447743451464547457530865762260194336,-13235418
10347563996246874675079422232973987183233055629769656073415327172363097267212786998977874,7798846012518528983298817
106124981456477162778446716513024013961361110691343938000170529374287195790570003666,16848020501933537315396
-3,-201326551905
15107365582670337421282427691932736956216425848270336795553675062674211343472,1177996644121
974296282776,65992495082515722588149998156064332872003672068653753652
2067267659382018,118169154231
-2159695991357501378835177232719152525934961839912211127324479635495127,-109981
-4436579564424206145,486341481597574567693690058677796
-193344774683972948710923438207921317977882677786616441635,165899056845065250292383353
-564967651546594129,1129891584970192806673334806117
-4837747425998210660434338723872987673593742971067286634231210,2593389769685773
129168124257122743443317832208781988,1680581749054164670329877
-506183840329168731983394786,575578784308895827753
3474632796155614054062510574936462648561724260696991397004815051,-85452669329182819442226868281566781334929021773
8710701184083069385133453236586416796232085294170711976043995042381,-7
-7932,-25048559186358628834328806060594279992506108728425390679590
-113103572010511773455247400187758620603776741414880686464591,-1351287176408742793664226515245698213193
383053694400338755944091545654163954572801712502624820101420469668399718,1291113059471105936839798568584051750612696266
183,-9584865083588029595669071317
277058519343397476939227423487619135265,-3784595
-3148784398,-81569111392422359476980903992182873028441183598539437208927420569810635785558051143710446
-2484091747457806646908797255253308994809373873420732091283309829991926053240,-19864693700386442040338697976992952824969905552315597127126060738833
-44334750855725910319372264542945010411831515350781287109602135689,-31662732963418099445220486305599310288930818160175114520069621839504085073676273792
115224058509801296675176192871346679591600,-2565348917687457879889440278745104360072404999820149601148100594377127691759523
-18029597170990725554556121652699437548824148110217999265160856,-518071643449923998772084694499413793571400198289
4648588320218678248786034771770314122470696,-951856830248708796833865586698676522525128892576
-4340535146286049327405578320177799382139119560,-786892481659404651952
1394268068114074697761512582882414494502684932399936778365678,-8894706333056533965664895388719854
3483651746356915927353615292863218890621258068435,-136346670189608347569167210120651795111697976961823375276063330369
-1575065517615009662531979707316568237126090095735815713494671602999,205543062427383913402681555792251100987424791246389381782868333
31415866797092,232594286713333163978306696157038
-19895047648024228214905830947257335525336330856439814336250154988873628,-2292899472074911627953230970930507544923713257488152484892629219701579769204321541060946
-424144543939506968331446870011468,-10950809959818731313086119678680633456268448879123883570310496009558603902253
150158820619806380106233068067503660845393674415659743081028860363589416192740209,-55573256910421328757457096
-1268576081526442847241670028894570261872328366449790132279177688375,31575702943230873694562281047
45641390693876434,-22576991157243144399184117221023684919459299114742083090502439597632087534500
-123279438163171789948392857129985960565947449586740581937486402233694,1733838827995478703982420850328385140215023596732031879581
-5583515269467801598036848144382036481587080155513852058439771155155913711651817395,-201877139485442265
7224131900266398370098327379200960568429822027708013,1
56887480655,-2297813806125498851133
-30672142192,-467396337042633219259517348223807380
-5770766714278114648305905354833538943214364101805463104773873755,11776694030017315035304373637096245004755205954182504582726
7222588,-3657985698226625
-498993935363824911401641,121455673700247670
701567955053612564404950097519105620147353045112561828749465,33974681349667674468758979941900670846625542995210
4927550002522323019389869129534376063084880696343707725251830619806804,-1
3082515,871387011043776
-174705160247708322482578783988,126078660569456045660320245875166041200439790940313059059798140836855222125689
-50127245354622393508521093062611147341107714424833733411906933692,-90282615
-42989847007094810782002360536797966663501160968351166,4557729683787285690377629185975660923364664555968973544612172204644000
-2297942729447474842702470663640305080790348220846809527582689383758348704758104327,2
64478,234487931871988151557289607225943716383611385263515
2970330368257795382925454507932214984763497137013065897276129399831753586622991124,-1895156
47965243714425460602472064103336187964874242662,-2719893248689485729101080508885169934820403572393
30091970911699834507481882506804037424796481428893630066242213473874,-146327157153909030244281129143822833457277570529111702303284663456006080
11171616017305559154680396012225689746986225779415738235677460014827157788304644664,-68974789008629275960522329595630686507468852843106083602
-117986193011520320327744641770491054435432383413024872873762842432,-513036276650171343115692161555584908381723302319620884471080931936848400
-384550804124469322273677607962805388155612200584087504886440213997424,312559158998449633670769772492016243171536435426970348759734849133954107055909
615815354897747805351400963690149164466962,1438266502001409898628300403774710525114945803206749
-701074182797933413706696022244625972246586042519072070337253630470337419003122606907,-392421790889384344193624367522
