100
23254132121521145143115242145133412445313322525245445321124223521114254245333411
54143214345141542545141435325424225535521144234542445224355533514423131144124112
21334132243112241511333313413151325222515215325522514431332551224332422533111522
34412145551425152531252123324512344424533121222315541222145135421334121142355233
12135245351254423151453545433355232112332351354323524212355141555411535124315151
34342352412323433133333133433553441242343131123323225544421143321551235152355252
41552345241535312215122114255131245323554211153434342412424433412555341121335132
11221215115535514153253321233553231453523113223125551353515221154115453333544312
21423314532232134142312551333421155345332442521342232344323324525415133433221312
44421351135434255245115312114324212252451355414343415355451422454145421125555443
12354225325254141454314453553343145421554233553243533512423244144245411225235445
15251444532533511535551352543535115145254312252341411435355212124224155235311131
21122131222254531213154513114515343145323132434111432454224231124524112315454451
15544422253555111511533143243143131142453144221212221124552212431151431151412524
35135414445125322435155525514343215122122523112241115551111232442415211422324452
45251331532211231444454232522453344531134411135314223552355235435442511552554551
31422432533443351215241151352254412214353553432545153232421532532144125435322515
13134314413342232113413125431141445445342241125442124555252212543443131251423351
23552155534523543413332415535551212513211524422324341431545132312535242453231522
34314234534514243451412345215134424332341151421321111251142241142431254234432513
51554231245245555322455154413114355132342255121312144225551453424442215452555145
41543144213331111443211125232323331514421353551114344542121542222432535554551553
54115145251132441125421525144211531134353321551223324345541511524531452125331413
13113424523533132552443332545132552414255214413235413355455424234444225335412134
51243111251543343141233543221135141511335525215113152112324351551523545134321224
25335522355224445511331215514445334225521434412553542134221552444523424223514225
12444125425135444115211335513215513334211315323343225213435342352224152334422245
11114252145434345152531415531143125154355452222343535543132332153512151255313131
44151441321343214434555454125155451155221441132431535431543444523534115411415212
45111415255534325251424444131211321352413521544511214252551231312551341132333345
35511442141555514544544433325115252411331325243231541525221423513345312135513432
44224412222341334443123125113534415215323554243242553451354323153514155411435145
45444313545115244442332145352343553343252254134212515115251341235421245552524455
54514225125451415513314423151513125434152511542132534335332552224453255315133452
25114421331424554545135222415351451355532513134423142221353252454245142235252245
44535234352445441233522533414255244351132212412135443555445421314131315242523252
33254242235335535555543532425352511341453552442131542441222241353122123112453525
31114412223543133215542221142411411441124514232142352414142522534314535432414244
41321452241552214344244152241224255252535221441435243254132141122251355431534521
15234344554321132552415424121451411234225214213353113141113152434111144251513354
21113423211141521543344444433514521224234254245455143123455353311454214343122351
25525311315453153251235211325243354535222323522411544411134522514551134215423213
52252253134415545445422432511255514243122152141551435232144114551535231315111125
42234111451432151344313333531144223223452411211451244411425425411124335215452134
45225545153343313143331154212445531221125145332312554525531141233444451551141213
35241133555312155111235331252225415132322354123543515235211535132534215551354513
53314252331222133311525152534355545312454135434254222221541312221443544341435241
22233115432141244235512332243554433135232451111141533333441315143512532331554152
31253123435142131422135534431553235431335411515241413553552113525422242122334353
35531225335415523211224151335423522535552454551533514313115542445534143535344533
25322442114442434414253443544213314515312115554331145151311322524111551331422211
21233155313144224225442315433451111435555413321314342135312213334311231413334434
25412151333555334515235353251444541222214111535345512433143353441124315312331324
21412332452322352234442121323532232314211352441251351115151415533155112131534521
24554244212213155111123122524125141424355142143543224522315144342335425543113532
24325153345122252152441433552233221225153225134233333522214343255231152324423353
24525151333131322522211312134252225145324541512331143333455432143213134245455324
54221445533215552232135424541325141241143321345452212413213435545255225142135334
12125223243132425521133244133443215321554234512435133311121521331255414441454131
53542153224321224312323341243113311412345231415332125341124325212514114321321245
15352154442553532215242511235525144314344455412524144454511114514554554335412235
55554535552231535135534525531433442432531111353431523112531235414311155121342354
54344553432222424534142511533432321322324433524133452242344524415143435312525522
33244223515413155153342553223355515151343443155224554345151351413312513343222334
34512312511434433242231215342345332432225224221152534551445313443545433511332132
24154514423141113521242244134112412214312515323531245325332432535322142454122334
34443341224413351413242442511315321141352354223435245544341531124142133552321353
43344241242113255331515544311435235543321423352345542155441525132552243421123541
43153213512234143231554432521541452312535442212234221353411154133251553433213422
21423513113525541412551422525334332553455311252412122335443111145254145111152434
15342553335355341352344541435412355241413312431125415214313445545153151443225424
51454133221215555133553324133512221545351322531115351552425312425244135451511221
41241311223253154152345421524344323525233112433434553114322242533451533244143341
21211214522353342451123125154522552242535334155254222131532443554422215242213124
45533234244234214335541525545121313555335242252221144435335453421332214142454112
33541335554144342555253541123333151323534333323423132552553533252245132251453154
55344251452123251543324424545541444551235351232232423521322412515325334251413242
35524233542521225433331532233113214243433545251253155345452424134142431144511242
14111422155232544322235331333353125113212345435331113231325241143125552235335222
25221223331242214323334243134343234242214442514552344323135151533511143232524425
51413555243344534154435315515351553222453331141415522144254321415353553225445451
44221513515315133552125433234154115222435532534441244124531312334342145512251254
21211342212444223234343324423354311531123251312552325344325545415125221412235344
12531313155445115221542553442325112154553154521532255541455123241315122531523532
15121235142413215432541243132355421535433534241343443124321222154141141533514132
53251433234351332354253135215141415412322453425241221235145545245425524323551141
25321511522331234543341412133444332124115552531332225413115345332435212352144413
54513253422234154412434541344545331512443521522322121414235523522212355313514153
41451552244133244453515151343232413254545342221252553122242421232141554454515532
24114442233334245521224133145351323253515215325441425222425522513425245352241221
45233314113445513351124355151525134425452135542524245531511254322255134412322135
45434345312441122224252231552342445225412252221432413341545335514142222331152152
45222122134345325131525221311245253521323241335314555514544224353222243424251321
11532313315444131244225451355132324541211324442425233132324421154115222255333131
21154333512334241232141245135341542535322152135122542552455545235434521142441314
15251314225232525411231512531524253235312234543145122414521534514233225554554254
13541225331311314252321551414545213425524341514353224211413333413355441211353152
51114135454142121515131355522444144111542315123233332531225323143145344431112345
31415343431223544453434114123135143311523234234213413213244544122312325213545352
13452423424555314554145312124551532343245134252541321542125132421514333432242352
