100
53443345412515243323144111512332512352455245225413211244234113225511345233442342
15334315255423124342245133443435422443354545213332412514515252153433122412152525
35241535523153524444125145521134252341454213121411533453554522313253252312521321
31524443555232425542451545314434525551552434215225554514154241552444133235552133
54415242153422513443315124232151451512123421223421243314343444244434212414222433
21143455221312315342332315424345315514233225545115432122235555133143155333222334
31243535221442114134152325253445125412551534334133552351415113234432521243512521
33115213431154312144445232541145311443322342424244542531324344532212454134435445
44455152451255431152554434154542543414245424424143444441422211521424254131214243
44143141215431555133221544225545113323553142252331544534351411314552321221151443
44155135555213344453522432355425444342451443313314111245334412345241542245512443
31552541224553544315432243311353342132115124523115542111553124312211333355141541
51233253343422155353552144111532244421144341245132541141253215521324533423134211
35553521444113435112355135111111522424424234433134223335432153311552354343442145
12341254142534133252152445355313211422335142442451232335251452132315454153443545
25233444124254431422414552524315345235251135414211513312155431121235114411523434
12451431122544355542552324454134435442113254225133544311145414443341451432453325
23111113252452525335455423315134434154315124315454541524214413215215512435425555
45311144142325413122112125225415355525343211314122244441512444335421511321552353
53333233411241151421425334212351525333515244415512223145122241453445333223224234
54521542155414134443431515313112413221331233232225455515435332442154443155343454
54345555212535342445212334152352142232142454545125353435354125443155425555445522
41114553551114231141541151245325351342334314322142132143322415454423242532113414
51124141425423323241233543541225243522355441135545212451111122352523343341543454
41455522223532451244211532531411215324435325121214222424511223253444243121225255
31144224555324222523355152545152215244233221232344245114455414241255224451435351
31423152312523321432222343555452153114452243411511332522221323452354353411343151
15544152224144533135531553553555143444231531545243335324315224224123532241254232
11425222224152442131544143541351532443324121234533341141344333342142413412444441
11133531535425235515141354453423421115325351431351521512541422424151543114214443
15441155514322522133424222252242145152112135244343231542154422143252322121355143
35235512241333351234511113525322531152412154325112154115123524232433513444235435
53541251525333512233551335543514224235442421331123134353213153244523512315332513
41525114434515342241255244123321314544343333334142353233254432123413431113152455
24115531531251541134531221341454234323331542212214223344514151433511254454514151
13332342522122411425353435222343535253322125451554433332245414111243234335412421
42515551341141355141323231212145233322122121212335351235411514253122425553513135
22123341313114531314223145332244342235235155115132414414352415251415552551113211
12115442322144542351222145123443513412243313151441254514432415153153213143445153
31332523231551121144142412524152144452115121432132552313451255525454532133132441
33142135243353453554412214145452322425555324225132124454355444512325414332413332
14354431144445155243521431523444233122323421541434223452411351333251154332341335
41134214511414312312224134433141315131443241511133514334323142322341554412423142
43543225555433242553451445515445351524235312221322523111223322353511344324433111
22254425355412551315142241211415551132251113423145123253414541142115421251435343
24442441122542514524345224513535345143111252542535413344334324214124144114224522
42441221233514311441444445332115245222254151123223451215454554114142432433141324
52524234115542244312542412434515252221242142421343151313445515441224333153254425
13415433544233511343215352242433335245153513423443421545353552222335214521224424
32532334423441524515514332412545232321353133134141133125352445324215241414333141
31551145551515441453413441233531542243454415315455352242454213421251432312443344
41352313241434535551213531325124313141321314323533553442135553544542543235532544
45533523414341345251242142323321223434322412445321354154452124112141144245325211
25235334251154314134121415224425354522541515332154235432323151355112252444543112
22132425212121232215141225543531453551112525552325543552115534514523531144233114
55521433253454453255152434254415551251412313213132231425454431322332534312142514
13433221124531345222434141155212414122341133353235534442141153453524144311532524
11241252224252341554531111322132212221334115514555312412111215525113352135325311
21154244442433343315442131243541521554534333551243331131224135241235224541431414
35335351144335133544125123543255124544344131235425443511455134232233521544553132
53222355442243451321455252344251424513141251113231445521325231424234543524351531
53124424532315441335322524155554452231233325254523424212231142523353325313254542
24321312233554321344151122554525444444521442214554521552314112345145152312224234
52253141223455442214344355231432354522535334414144424443353312231523142232512533
42445445114125554141122333423143421124221525234544315145441314552223135343251221
54154114411512144411323125143213214244321331234511233411514344521534353355513325
53541543542523352551225324343152341534245531252322353224214414132345135525341112
21324451114141523431132221522315531343543121114412114252313153543141331232445245
31332441423113455224235413454424441325523325235141425511415451251524441314241342
44355553121245154554321514332342341251154112543533321331224344134144315113531425
32144342141151332331332551221114412252121322411234223514255322154235531212312421
45235431345455533323524254234552211143341545444412325344123442254224112153211211
33225223141425351114144313314532255332535314253455234324545532313333455521332334
25152213224154351221112235154432554134512531355511244451532311152424231543124235
55333452141341412215125515353512451131414154411544455312431241335455112113413224
51315521432251121133343514115244431442121451414231454241241131115313414544251533
51254525152554551342533134535251432323442334355123232434443522514353553421222325
23243541322531243334252125434521444132323433113335324541125512542541132112512252
12343111215441255222154113351411552524531134115241541113552134143234343345212345
11531555445321254153231544331323345355515431142222431441433512455434524424134315
14435533234443453152412242141141245333552132311532332152251331541534425524112321
11131513132553514214425225534315414451324125432452355232424451351332434432334223
51454212311425325343543222253353552314514245344212122553214155545325135211154421
24231124411351243311252224125421551234514531511551211344321222534243535132345354
41215243314235431353545422311421553414314223355121344443235223512213545121345344
53413234523122333325115412331331313245133354124325443335222411433122221211534325
51425331425425453534335532221332513531534125121513351543321314511451113424122112
45311355415511514132112212535213445134121531544541313554311233133551122111424244
43422522143514245315541244142122325221344532512232125315313111334245513332142255
53342332522521513522321232555215153233344213253411232342113525424453352312523433
54333115335425215252115141415111233134113215132111434352435515542241243551135255
43223113552511324443422444335223452122511133324424312115432345244325413142335332
25255253112414413532324134521334214445142544335544315232535225355334214353222335
11354235423235232435113551315135351315223151115422424324344213332525453312335231
51243522125154133223413455344543123544441512434323353552122112134354232444544325
21452534155112114542422231111452153213214331432522121313535231132512222554154442
25424115352552411425251343341353451252421533313512451521214514445435213553225131
22233331145145431142321244535351115515533233135114532222311253423415312221441521
53514141454323213232413523124444131145441232144311412315533111415135213231534111
11244435355323521212341212112343423221142334242222112122235453354512245414422513
